# Index Ion      Lambda Energy   F(ph/cm^2/s) A(s^-1)   Upper Lower Label
    561  C VI    26.357 0.470404 0.000e+00    4.385e+10    19     1 5p~^2P_{3/2} - 1s~^2S_{1/2}
    560  C VI    26.357 0.470404 0.000e+00    4.377e+10    18     1 5p~^2P_{1/2} - 1s~^2S_{1/2}
    559  C VI    26.990 0.459372 0.000e+00    8.694e+10    12     1 4p~^2P_{3/2} - 1s~^2S_{1/2}
    558  C VI    26.990 0.459372 0.000e+00    8.683e+10    11     1 4p~^2P_{1/2} - 1s~^2S_{1/2}
 308799  C VI    27.790 0.446148 0.000e+00    0.000e+00 10103     2   
 308953  C VI    27.791 0.446132 0.000e+00    0.000e+00 10102     2   
 309141  C VI    28.101 0.441210 0.000e+00    0.000e+00 10122     5   
 309142  C VI    28.133 0.440708 0.000e+00    0.000e+00 10124     5   
 308944  C VI    28.300 0.438108 0.000e+00    0.000e+00 10104     7   
 308945  C VI    28.329 0.437659 0.000e+00    0.000e+00 10118     7   
 308768  C VI    28.331 0.437628 0.000e+00    0.000e+00 10052     2   
 308769  C VI    28.332 0.437613 0.000e+00    0.000e+00 10051     2   
    557  C VI    28.465 0.435568 0.000e+00    2.132e+11     7     1 3p~^2P_{3/2} - 1s~^2S_{1/2}
    556  C VI    28.466 0.435553 0.000e+00    2.129e+11     6     1 3p~^2P_{1/2} - 1s~^2S_{1/2}
 309137  C VI    28.620 0.433209 0.000e+00    0.000e+00 10055     5   
 308924  C VI    28.629 0.433073 0.000e+00    0.000e+00 10071     5   
 308754  C VI    28.691 0.432137 0.000e+00    0.000e+00 10074     6   
 308925  C VI    28.692 0.432122 0.000e+00    0.000e+00 10073     5   
 308926  C VI    28.791 0.430636 0.000e+00    0.000e+00 10053     7   
 308755  C VI    28.850 0.429755 0.000e+00    0.000e+00 10067     7   
 308734  C VI    29.578 0.419178 0.000e+00    0.000e+00 10011     2   
 308735  C VI    29.607 0.418767 0.000e+00    0.000e+00 10024     2   
 308918  C VI    29.788 0.416223 0.000e+00    0.000e+00 10028     6   
 308576  C VI    29.835 0.415567 0.000e+00    0.000e+00 10015     6   
 308736  C VI    29.848 0.415386 0.000e+00    0.000e+00 10031     6   
 308919  C VI    30.009 0.413157 0.000e+00    0.000e+00 10034     6   
 308920  C VI    30.010 0.413144 0.000e+00    0.000e+00 10033     5   
 308737  C VI    30.069 0.412333 0.000e+00    0.000e+00 10027     7   
 308738  C VI    30.115 0.411703 0.000e+00    0.000e+00 10008     3   
    381  C V     32.754 0.378532 0.000e+00    5.400e+10    37     1 1s5p~^1P_{1} - 1s^2~^1S_{0}
    376  C V     33.426 0.370922 0.000e+00    1.060e+11    23     1 1s4p~^1P_{1} - 1s^2~^1S_{0}
 308577  C VI    33.563 0.369408 0.000e+00    0.000e+00 10025    13   
 308578  C VI    33.589 0.369122 0.000e+00    0.000e+00 10035    15   
 308579  C VI    33.589 0.369122 0.000e+00    0.000e+00 10035    17   
 308770  C VI    33.662 0.368322 0.000e+00    0.000e+00 10075    25   
 308610  C VI    33.663 0.368311 0.000e+00    0.000e+00 10075    27   
 308756  C VI    33.664 0.368300 0.000e+00    0.000e+00 10065    23   
 308580  C VI    33.680 0.368125 0.000e+00    0.000e+00 10037    15   
 308581  C VI    33.680 0.368125 0.000e+00    0.000e+00 10037    17   
 308634  C VI    33.699 0.367917 0.000e+00    0.000e+00 10126    41   
 308786  C VI    33.699 0.367917 0.000e+00    0.000e+00 10116    37   
 308927  C VI    33.706 0.367841 0.000e+00    0.000e+00 10087    31   
 308928  C VI    33.706 0.367841 0.000e+00    0.000e+00 10087    29   
 308599  C VI    33.708 0.367819 0.000e+00    0.000e+00 10091    31   
 308757  C VI    33.708 0.367819 0.000e+00    0.000e+00 10092    31   
 308600  C VI    33.709 0.367808 0.000e+00    0.000e+00 10090    28   
 308601  C VI    33.709 0.367808 0.000e+00    0.000e+00 10092    30   
 308602  C VI    33.709 0.367808 0.000e+00    0.000e+00 10091    29   
 308758  C VI    33.709 0.367808 0.000e+00    0.000e+00 10091    28   
 308759  C VI    33.709 0.367808 0.000e+00    0.000e+00 10092    29   
 308582  C VI    33.712 0.367775 0.000e+00    0.000e+00 10012    13   
 308611  C VI    33.716 0.367732 0.000e+00    0.000e+00 10077    25   
 308612  C VI    33.716 0.367732 0.000e+00    0.000e+00 10077    27   
 308946  C VI    33.719 0.367699 0.000e+00    0.000e+00 10138    45   
 308947  C VI    33.719 0.367699 0.000e+00    0.000e+00 10138    43   
 308626  C VI    33.721 0.367677 0.000e+00    0.000e+00 10142    45   
 308627  C VI    33.721 0.367677 0.000e+00    0.000e+00 10141    42   
 308628  C VI    33.721 0.367677 0.000e+00    0.000e+00 10143    44   
 308629  C VI    33.721 0.367677 0.000e+00    0.000e+00 10142    43   
 308787  C VI    33.721 0.367677 0.000e+00    0.000e+00 10143    45   
 308788  C VI    33.721 0.367677 0.000e+00    0.000e+00 10142    42   
 308789  C VI    33.721 0.367677 0.000e+00    0.000e+00 10143    43   
 308954  C VI    33.725 0.367634 0.000e+00    0.000e+00 10128    39   
 308635  C VI    33.726 0.367623 0.000e+00    0.000e+00 10128    41   
 308955  C VI    33.727 0.367612 0.000e+00    0.000e+00 10130    39   
    555  C VI    33.734 0.367536 0.000e+00    7.989e+11     4     1 2p~^2P_{3/2} - 1s~^2S_{1/2}
 308800  C VI    33.735 0.367525 0.000e+00    0.000e+00 10111    40   
 308801  C VI    33.735 0.367525 0.000e+00    0.000e+00 10110    39   
 308802  C VI    33.735 0.367525 0.000e+00    0.000e+00 10109    38   
 308956  C VI    33.735 0.367525 0.000e+00    0.000e+00 10109    39   
 308583  C VI    33.737 0.367503 0.000e+00    0.000e+00 10021     9   
 308613  C VI    33.737 0.367503 0.000e+00    0.000e+00 10061    19   
 308614  C VI    33.737 0.367503 0.000e+00    0.000e+00 10060    26   
 308636  C VI    33.737 0.367503 0.000e+00    0.000e+00 10112    33   
 308771  C VI    33.737 0.367503 0.000e+00    0.000e+00 10059    25   
 308603  C VI    33.738 0.367492 0.000e+00    0.000e+00 10053    23   
 308630  C VI    33.738 0.367492 0.000e+00    0.000e+00 10104    37   
 308637  C VI    33.738 0.367492 0.000e+00    0.000e+00 10108    41   
 308772  C VI    33.738 0.367492 0.000e+00    0.000e+00 10058    24   
 308773  C VI    33.738 0.367492 0.000e+00    0.000e+00 10059    27   
 308803  C VI    33.738 0.367492 0.000e+00    0.000e+00 10132    33   
 308933  C VI    33.738 0.367492 0.000e+00    0.000e+00 10059    26   
 308934  C VI    33.738 0.367492 0.000e+00    0.000e+00 10058    25   
 308774  C VI    33.739 0.367481 0.000e+00    0.000e+00 10081    19   
    553  C VI    33.739 0.367481 0.000e+00    4.739e+03     2     1 2s~^2S_{1/2} - 1s~^2S_{1/2}
    554  C VI    33.740 0.367470 0.000e+00    7.977e+11     3     1 2p~^2P_{1/2} - 1s~^2S_{1/2}
 308615  C VI    33.742 0.367448 0.000e+00    0.000e+00 10057    27   
 308775  C VI    33.742 0.367448 0.000e+00    0.000e+00 10057    25   
 308631  C VI    33.743 0.367437 0.000e+00    0.000e+00 10140    45   
 308790  C VI    33.743 0.367437 0.000e+00    0.000e+00 10140    43   
 308804  C VI    33.751 0.367350 0.000e+00    0.000e+00 10134    39   
 308805  C VI    33.751 0.367350 0.000e+00    0.000e+00 10134    40   
 308929  C VI    33.751 0.367350 0.000e+00    0.000e+00 10068    21   
 308604  C VI    33.752 0.367339 0.000e+00    0.000e+00 10089    31   
 308605  C VI    33.752 0.367339 0.000e+00    0.000e+00 10089    29   
 308791  C VI    33.752 0.367339 0.000e+00    0.000e+00 10106    35   
 308806  C VI    33.752 0.367339 0.000e+00    0.000e+00 10112    39   
 308807  C VI    33.752 0.367339 0.000e+00    0.000e+00 10112    38   
 308808  C VI    33.752 0.367339 0.000e+00    0.000e+00 10133    39   
 308809  C VI    33.752 0.367339 0.000e+00    0.000e+00 10112    41   
 308930  C VI    33.752 0.367339 0.000e+00    0.000e+00 10068    22   
 308957  C VI    33.752 0.367339 0.000e+00    0.000e+00 10133    38   
 308958  C VI    33.752 0.367339 0.000e+00    0.000e+00 10133    40   
 308638  C VI    33.753 0.367329 0.000e+00    0.000e+00 10132    38   
 308810  C VI    33.753 0.367329 0.000e+00    0.000e+00 10132    39   
 308959  C VI    33.754 0.367318 0.000e+00    0.000e+00 10132    41   
 308632  C VI    33.757 0.367285 0.000e+00    0.000e+00 10122    35   
 308792  C VI    33.760 0.367252 0.000e+00    0.000e+00 10118    35   
 308960  C VI    33.765 0.367198 0.000e+00    0.000e+00 10115    32   
 308776  C VI    33.766 0.367187 0.000e+00    0.000e+00 10083    26   
 308935  C VI    33.766 0.367187 0.000e+00    0.000e+00 10083    25   
 308739  C VI    33.767 0.367176 0.000e+00    0.000e+00 10028    11   
 308760  C VI    33.767 0.367176 0.000e+00    0.000e+00 10055    21   
 308777  C VI    33.767 0.367176 0.000e+00    0.000e+00 10061    24   
 308778  C VI    33.767 0.367176 0.000e+00    0.000e+00 10061    27   
 308811  C VI    33.767 0.367176 0.000e+00    0.000e+00 10114    32   
 308936  C VI    33.767 0.367176 0.000e+00    0.000e+00 10061    25   
 308937  C VI    33.767 0.367176 0.000e+00    0.000e+00 10082    25   
 308616  C VI    33.768 0.367165 0.000e+00    0.000e+00 10081    24   
 308740  C VI    33.768 0.367165 0.000e+00    0.000e+00 10028    12   
 308779  C VI    33.768 0.367165 0.000e+00    0.000e+00 10081    25   
 308948  C VI    33.768 0.367165 0.000e+00    0.000e+00 10106    43   
 308639  C VI    33.774 0.367100 0.000e+00    0.000e+00 10103    32   
 308640  C VI    33.775 0.367089 0.000e+00    0.000e+00 10102    32   
 308949  C VI    33.775 0.367089 0.000e+00    0.000e+00 10118    45   
 309143  C VI    33.775 0.367089 0.000e+00    0.000e+00 10127    38   
 308641  C VI    33.776 0.367078 0.000e+00    0.000e+00 10127    41   
 308793  C VI    33.776 0.367078 0.000e+00    0.000e+00 10122    37   
 308606  C VI    33.779 0.367046 0.000e+00    0.000e+00 10071    21   
 308633  C VI    33.779 0.367046 0.000e+00    0.000e+00 10118    37   
 308642  C VI    33.779 0.367046 0.000e+00    0.000e+00 10137    40   
 308643  C VI    33.781 0.367024 0.000e+00    0.000e+00 10136    39   
 308644  C VI    33.781 0.367024 0.000e+00    0.000e+00 10136    40   
 308761  C VI    33.781 0.367024 0.000e+00    0.000e+00 10067    21   
 308961  C VI    33.782 0.367013 0.000e+00    0.000e+00 10136    41   
 308645  C VI    33.783 0.367002 0.000e+00    0.000e+00 10135    38   
 308812  C VI    33.783 0.367002 0.000e+00    0.000e+00 10135    39   
 308813  C VI    33.784 0.366992 0.000e+00    0.000e+00 10135    41   
 308938  C VI    33.794 0.366883 0.000e+00    0.000e+00 10064    18   
 308780  C VI    33.796 0.366861 0.000e+00    0.000e+00 10063    18   
 308931  C VI    33.796 0.366861 0.000e+00    0.000e+00 10055    29   
 308962  C VI    33.796 0.366861 0.000e+00    0.000e+00 10113    32   
 309138  C VI    33.796 0.366861 0.000e+00    0.000e+00 10055    31   
 308794  C VI    33.801 0.366807 0.000e+00    0.000e+00 10125    36   
 308795  C VI    33.803 0.366785 0.000e+00    0.000e+00 10124    35   
 308814  C VI    33.804 0.366774 0.000e+00    0.000e+00 10101    32   
 308950  C VI    33.805 0.366764 0.000e+00    0.000e+00 10123    34   
 308951  C VI    33.805 0.366764 0.000e+00    0.000e+00 10123    35   
 308617  C VI    33.809 0.366720 0.000e+00    0.000e+00 10052    18   
 308618  C VI    33.810 0.366709 0.000e+00    0.000e+00 10051    18   
 308619  C VI    33.813 0.366677 0.000e+00    0.000e+00 10076    27   
 308781  C VI    33.813 0.366677 0.000e+00    0.000e+00 10076    25   
 308607  C VI    33.816 0.366644 0.000e+00    0.000e+00 10071    23   
 308815  C VI    33.817 0.366633 0.000e+00    0.000e+00 10103    40   
 308963  C VI    33.817 0.366633 0.000e+00    0.000e+00 10103    39   
 308964  C VI    33.818 0.366623 0.000e+00    0.000e+00 10102    39   
 309144  C VI    33.818 0.366623 0.000e+00    0.000e+00 10102    38   
 308608  C VI    33.819 0.366612 0.000e+00    0.000e+00 10067    23   
 308620  C VI    33.822 0.366579 0.000e+00    0.000e+00 10086    26   
 308621  C VI    33.824 0.366558 0.000e+00    0.000e+00 10085    25   
 308622  C VI    33.824 0.366558 0.000e+00    0.000e+00 10085    26   
 308623  C VI    33.824 0.366558 0.000e+00    0.000e+00 10085    27   
 308624  C VI    33.826 0.366536 0.000e+00    0.000e+00 10084    25   
 308625  C VI    33.826 0.366536 0.000e+00    0.000e+00 10084    24   
 308584  C VI    33.828 0.366514 0.000e+00    0.000e+00 10015    12   
 308585  C VI    33.829 0.366503 0.000e+00    0.000e+00 10014    11   
 308741  C VI    33.829 0.366503 0.000e+00    0.000e+00 10013    11   
 308742  C VI    33.829 0.366503 0.000e+00    0.000e+00 10013    10   
 308816  C VI    33.835 0.366438 0.000e+00    0.000e+00 10100    33   
 308796  C VI    33.836 0.366428 0.000e+00    0.000e+00 10098    37   
 308921  C VI    33.837 0.366417 0.000e+00    0.000e+00 10043    16   
 308743  C VI    33.839 0.366395 0.000e+00    0.000e+00 10041    14   
 308744  C VI    33.844 0.366341 0.000e+00    0.000e+00 10031    11   
 308586  C VI    33.845 0.366330 0.000e+00    0.000e+00 10031    12   
 308797  C VI    33.848 0.366298 0.000e+00    0.000e+00 10099    35   
 308798  C VI    33.848 0.366298 0.000e+00    0.000e+00 10099    36   
 308952  C VI    33.848 0.366298 0.000e+00    0.000e+00 10099    34   
 308965  C VI    33.851 0.366265 0.000e+00    0.000e+00 10100    41   
 308782  C VI    33.852 0.366254 0.000e+00    0.000e+00 10062    18   
 308609  C VI    33.865 0.366114 0.000e+00    0.000e+00 10074    22   
 308587  C VI    33.867 0.366092 0.000e+00    0.000e+00 10011     8   
 308762  C VI    33.867 0.366092 0.000e+00    0.000e+00 10073    21   
 308783  C VI    33.867 0.366092 0.000e+00    0.000e+00 10050    18   
 308588  C VI    33.869 0.366071 0.000e+00    0.000e+00 10010     8   
 308763  C VI    33.869 0.366071 0.000e+00    0.000e+00 10072    21   
 308764  C VI    33.869 0.366071 0.000e+00    0.000e+00 10072    20   
 308745  C VI    33.870 0.366060 0.000e+00    0.000e+00 10009     8   
 308570  C VI    33.876 0.365995 0.000e+00    0.000e+00 10016     7   
 308939  C VI    33.881 0.365941 0.000e+00    0.000e+00 10063    25   
 308940  C VI    33.881 0.365941 0.000e+00    0.000e+00 10062    24   
 308784  C VI    33.894 0.365801 0.000e+00    0.000e+00 10052    26   
 308941  C VI    33.894 0.365801 0.000e+00    0.000e+00 10052    25   
 308942  C VI    33.895 0.365790 0.000e+00    0.000e+00 10051    25   
 309136  C VI    33.895 0.365790 0.000e+00    0.000e+00 10036    17   
 309139  C VI    33.895 0.365790 0.000e+00    0.000e+00 10051    24   
 309140  C VI    33.896 0.365779 0.000e+00    0.000e+00 10050    24   
 308589  C VI    33.905 0.365682 0.000e+00    0.000e+00 10024     8   
 308590  C VI    33.907 0.365660 0.000e+00    0.000e+00 10023     8   
 308591  C VI    33.908 0.365649 0.000e+00    0.000e+00 10022     8   
 308592  C VI    33.913 0.365596 0.000e+00    0.000e+00 10027    13   
 308785  C VI    33.928 0.365434 0.000e+00    0.000e+00 10049    19   
 308765  C VI    33.929 0.365423 0.000e+00    0.000e+00 10047    23   
 308593  C VI    33.945 0.365251 0.000e+00    0.000e+00 10046    16   
 308594  C VI    33.947 0.365229 0.000e+00    0.000e+00 10045    15   
 308595  C VI    33.947 0.365229 0.000e+00    0.000e+00 10045    16   
 308596  C VI    33.947 0.365229 0.000e+00    0.000e+00 10045    17   
 308597  C VI    33.949 0.365208 0.000e+00    0.000e+00 10044    14   
 308746  C VI    33.949 0.365208 0.000e+00    0.000e+00 10044    15   
 308766  C VI    33.954 0.365154 0.000e+00    0.000e+00 10048    21   
 308767  C VI    33.954 0.365154 0.000e+00    0.000e+00 10048    22   
 308932  C VI    33.954 0.365154 0.000e+00    0.000e+00 10048    20   
 308943  C VI    33.958 0.365111 0.000e+00    0.000e+00 10049    27   
 308747  C VI    34.051 0.364114 0.000e+00    0.000e+00 10034    12   
 308748  C VI    34.054 0.364082 0.000e+00    0.000e+00 10033    11   
 308922  C VI    34.054 0.364082 0.000e+00    0.000e+00 10033    12   
 308923  C VI    34.055 0.364071 0.000e+00    0.000e+00 10032    10   
 308749  C VI    34.071 0.363900 0.000e+00    0.000e+00 10011    16   
 308750  C VI    34.074 0.363868 0.000e+00    0.000e+00 10009    14   
 308751  C VI    34.196 0.362570 0.000e+00    0.000e+00 10006    13   
 308598  C VI    34.198 0.362549 0.000e+00    0.000e+00 10008     9   
 308752  C VI    34.257 0.361924 0.000e+00    0.000e+00 10007    11   
 308753  C VI    34.258 0.361914 0.000e+00    0.000e+00 10007    12   
 308571  C VI    34.309 0.361376 0.000e+00    0.000e+00 10002     3   
 308566  C V     34.504 0.359333 0.000e+00    0.000e+00 10048     1   
 308731  C V     34.504 0.359333 0.000e+00    0.000e+00 10047     1   
 308487  C VI    34.530 0.359063 0.000e+00    0.000e+00 10005     2   
 308572  C VI    34.534 0.359021 0.000e+00    0.000e+00 10004     2   
 308573  C VI    34.535 0.359011 0.000e+00    0.000e+00 10003     2   
 308733  C VI    34.596 0.358378 0.000e+00    0.000e+00 10020     5   
 308574  C VI    34.598 0.358357 0.000e+00    0.000e+00 10020     6   
 308488  C VI    34.701 0.357294 0.000e+00    0.000e+00 10017     7   
 308558  C V     34.959 0.354657 0.000e+00    0.000e+00 10186     2   
 308559  C V     34.961 0.354636 0.000e+00    0.000e+00 10187     3   
    371  C V     34.973 0.354515 0.000e+00    2.553e+11    13     1 1s3p~^1P_{1} - 1s^2~^1S_{0}
 308484  C V     35.009 0.354150 0.000e+00    0.000e+00 10049     1   
 308485  C V     35.009 0.354150 0.000e+00    0.000e+00 10050     1   
 308473  C V     35.054 0.353696 0.000e+00    0.000e+00 10024     1   
 308560  C V     35.248 0.351749 0.000e+00    0.000e+00 10188     2   
 308561  C V     35.250 0.351729 0.000e+00    0.000e+00 10188     3   
 308479  C V     35.265 0.351579 0.000e+00    0.000e+00 10191     2   
 308480  C V     35.266 0.351569 0.000e+00    0.000e+00 10192     3   
 308562  C V     35.267 0.351559 0.000e+00    0.000e+00 10191     3   
 308563  C V     35.287 0.351360 0.000e+00    0.000e+00 10190     3   
 308463  C V     35.494 0.349311 0.000e+00    0.000e+00 10121     2   
 308464  C V     35.495 0.349301 0.000e+00    0.000e+00 10122     3   
 308716  C V     35.495 0.349301 0.000e+00    0.000e+00 10121     3   
 308429  C V     35.559 0.348672 0.000e+00    0.000e+00 10026     1   
 308474  C V     35.559 0.348672 0.000e+00    0.000e+00 10025     1   
 308575  C VI    35.566 0.348604 0.000e+00    0.000e+00 10001     7   
 308717  C V     35.713 0.347169 0.000e+00    0.000e+00 10163     3   
 308465  C V     35.756 0.346751 0.000e+00    0.000e+00 10123     2   
 308466  C V     35.757 0.346742 0.000e+00    0.000e+00 10123     3   
 308421  C V     35.791 0.346412 0.000e+00    0.000e+00 10126     2   
 308422  C V     35.791 0.346412 0.000e+00    0.000e+00 10127     3   
 308544  C V     35.792 0.346403 0.000e+00    0.000e+00 10126     3   
 308718  C V     35.817 0.346161 0.000e+00    0.000e+00 10031     3   
 308535  C V     35.881 0.345543 0.000e+00    0.000e+00 10097     1   
 308400  C V     36.372 0.340879 0.000e+00    0.000e+00 10010     1   
 308401  C V     36.373 0.340869 0.000e+00    0.000e+00 10009     1   
 308448  C V     36.728 0.337575 0.000e+00    0.000e+00 10088     2   
 308449  C V     36.730 0.337556 0.000e+00    0.000e+00 10089     3   
 308402  C V     36.916 0.335856 0.000e+00    0.000e+00 10011     1   
 308403  C V     36.916 0.335856 0.000e+00    0.000e+00 10012     1   
 308450  C V     36.950 0.335546 0.000e+00    0.000e+00 10074     2   
 308404  C V     36.952 0.335528 0.000e+00    0.000e+00 10074     3   
 308378  C V     36.986 0.335220 0.000e+00    0.000e+00 10078     3   
 308405  C V     36.986 0.335220 0.000e+00    0.000e+00 10077     2   
 308451  C V     36.988 0.335202 0.000e+00    0.000e+00 10077     3   
 308536  C V     37.491 0.330705 0.000e+00    0.000e+00 10007     3   
 308537  C V     37.554 0.330150 0.000e+00    0.000e+00 10017     2   
 308452  C V     37.556 0.330132 0.000e+00    0.000e+00 10018     3   
 308538  C V     37.952 0.326687 0.000e+00    0.000e+00 10008     3   
 308406  C V     40.175 0.308611 0.000e+00    0.000e+00 10085     5   
 308407  C V     40.176 0.308603 0.000e+00    0.000e+00 10085     6   
 308453  C V     40.244 0.308082 0.000e+00    0.000e+00 10096     4   
 308408  C V     40.245 0.308074 0.000e+00    0.000e+00 10097     4   
 308423  C V     40.261 0.307952 0.000e+00    0.000e+00 10158    15   
 308424  C V     40.261 0.307952 0.000e+00    0.000e+00 10157    14   
 308719  C V     40.261 0.307952 0.000e+00    0.000e+00 10158    14   
 308430  C V     40.263 0.307936 0.000e+00    0.000e+00 10136    13   
 308475  C V     40.263 0.307936 0.000e+00    0.000e+00 10135    12   
 308547  C V     40.263 0.307936 0.000e+00    0.000e+00 10136    12   
    366  C V     40.267 0.307906 0.000e+00    8.833e+11     7     1 1s2p~^1P_{1} - 1s^2~^1S_{0}
 308481  C V     40.271 0.307875 0.000e+00    0.000e+00 10224    22   
 308482  C V     40.271 0.307875 0.000e+00    0.000e+00 10223    21   
 308435  C V     40.275 0.307845 0.000e+00    0.000e+00 10202    20   
 308486  C V     40.275 0.307845 0.000e+00    0.000e+00 10201    19   
 308567  C V     40.275 0.307845 0.000e+00    0.000e+00 10202    19   
 308385  C V     40.279 0.307814 0.000e+00    0.000e+00 10161    14   
 308467  C V     40.279 0.307814 0.000e+00    0.000e+00 10161    15   
 308392  C V     40.280 0.307806 0.000e+00    0.000e+00 10227    21   
 308483  C V     40.280 0.307806 0.000e+00    0.000e+00 10227    22   
 308425  C V     40.294 0.307699 0.000e+00    0.000e+00 10118    10   
 308426  C V     40.294 0.307699 0.000e+00    0.000e+00 10118    11   
 308432  C V     40.300 0.307654 0.000e+00    0.000e+00 10183    17   
 308433  C V     40.301 0.307646 0.000e+00    0.000e+00 10183    18   
 308395  C V     40.313 0.307554 0.000e+00    0.000e+00 10205    19   
 308436  C V     40.313 0.307554 0.000e+00    0.000e+00 10205    20   
 308396  C V     40.314 0.307547 0.000e+00    0.000e+00 10206    20   
 308437  C V     40.318 0.307516 0.000e+00    0.000e+00 10177    16   
 308438  C V     40.318 0.307516 0.000e+00    0.000e+00 10176    16   
 308725  C V     40.331 0.307417 0.000e+00    0.000e+00 10185    18   
 308393  C V     40.332 0.307410 0.000e+00    0.000e+00 10186    17   
 308394  C V     40.332 0.307410 0.000e+00    0.000e+00 10187    18   
 308434  C V     40.332 0.307410 0.000e+00    0.000e+00 10186    18   
 308548  C V     40.339 0.307356 0.000e+00    0.000e+00 10138    13   
 308388  C V     40.343 0.307326 0.000e+00    0.000e+00 10139    12   
 308389  C V     40.343 0.307326 0.000e+00    0.000e+00 10140    13   
 308431  C V     40.343 0.307326 0.000e+00    0.000e+00 10139    13   
 308726  C V     40.346 0.307303 0.000e+00    0.000e+00 10187    22   
 308727  C V     40.346 0.307303 0.000e+00    0.000e+00 10186    21   
 308390  C V     40.347 0.307295 0.000e+00    0.000e+00 10112     9   
 308391  C V     40.347 0.307295 0.000e+00    0.000e+00 10111     9   
 308386  C V     40.376 0.307075 0.000e+00    0.000e+00 10121    10   
 308387  C V     40.376 0.307075 0.000e+00    0.000e+00 10122    11   
 308427  C V     40.376 0.307075 0.000e+00    0.000e+00 10121    11   
 308428  C V     40.377 0.307067 0.000e+00    0.000e+00 10120    11   
 308545  C V     40.377 0.307067 0.000e+00    0.000e+00 10120    10   
 308379  C V     40.414 0.306786 0.000e+00    0.000e+00 10094     7   
 308409  C V     40.414 0.306786 0.000e+00    0.000e+00 10094     8   
 308380  C V     40.415 0.306778 0.000e+00    0.000e+00 10095     8   
 308410  C V     40.421 0.306733 0.000e+00    0.000e+00 10093     8   
 308539  C V     40.421 0.306733 0.000e+00    0.000e+00 10093     7   
 308381  C V     40.456 0.306467 0.000e+00    0.000e+00 10072     4   
 308382  C V     40.457 0.306460 0.000e+00    0.000e+00 10073     4   
 308540  C V     40.484 0.306255 0.000e+00    0.000e+00 10087     6   
 308383  C V     40.489 0.306218 0.000e+00    0.000e+00 10088     5   
 308384  C V     40.490 0.306210 0.000e+00    0.000e+00 10089     6   
 308411  C V     40.490 0.306210 0.000e+00    0.000e+00 10088     6   
 308549  C V     40.490 0.306210 0.000e+00    0.000e+00 10112    13   
 308550  C V     40.490 0.306210 0.000e+00    0.000e+00 10111    12   
 308551  C V     40.550 0.305757 0.000e+00    0.000e+00 10141     9   
 308552  C V     40.551 0.305749 0.000e+00    0.000e+00 10142     9   
 308723  C V     40.552 0.305742 0.000e+00    0.000e+00 10148     9   
 308412  C V     40.657 0.304952 0.000e+00    0.000e+00 10068     4   
 308720  C V     40.659 0.304937 0.000e+00    0.000e+00 10163    11   
 308413  C V     40.660 0.304930 0.000e+00    0.000e+00 10067     4   
 308373  C V     40.710 0.304555 0.000e+00    0.000e+00 10246     2   
 308374  C V     40.712 0.304540 0.000e+00    0.000e+00 10246     3   
 308553  C V     40.712 0.304540 0.000e+00    0.000e+00 10114     9   
 308554  C V     40.714 0.304525 0.000e+00    0.000e+00 10113     9   
 308468  C V     40.716 0.304510 0.000e+00    0.000e+00 10123    11   
 308546  C V     40.716 0.304510 0.000e+00    0.000e+00 10123    10   
 308728  C V     40.718 0.304495 0.000e+00    0.000e+00 10188    18   
    365  C V     40.728 0.304421 0.000e+00    2.650e+04     6     1 1s2p~^3P_{2} - 1s^2~^1S_{0}
    364  C V     40.730 0.304406 0.000e+00    2.890e+07     5     1 1s2p~^3P_{1} - 1s^2~^1S_{0}
    363  C V     40.732 0.304391 0.000e+00    3.300e+05     3     1 1s2s~^1S_{0} - 1s^2~^1S_{0}
 308732  C V     40.746 0.304286 0.000e+00    0.000e+00 10061    20   
 308568  C V     40.750 0.304256 0.000e+00    0.000e+00 10048    16   
 308454  C V     40.759 0.304189 0.000e+00    0.000e+00 10074     5   
 308414  C V     40.760 0.304182 0.000e+00    0.000e+00 10074     6   
 308564  C V     40.762 0.304167 0.000e+00    0.000e+00 10055    18   
 308729  C V     40.762 0.304167 0.000e+00    0.000e+00 10054    17   
 308476  C V     40.767 0.304129 0.000e+00    0.000e+00 10146    13   
 308555  C V     40.768 0.304122 0.000e+00    0.000e+00 10145    12   
 308477  C V     40.777 0.304055 0.000e+00    0.000e+00 10024     9   
 308556  C V     40.777 0.304055 0.000e+00    0.000e+00 10023     9   
 308415  C V     40.791 0.303950 0.000e+00    0.000e+00 10101     8   
 308416  C V     40.793 0.303936 0.000e+00    0.000e+00 10100     7   
 308541  C V     40.793 0.303936 0.000e+00    0.000e+00 10100     8   
 308469  C V     40.794 0.303928 0.000e+00    0.000e+00 10030    10   
 308470  C V     40.794 0.303928 0.000e+00    0.000e+00 10031    11   
 308721  C V     40.794 0.303928 0.000e+00    0.000e+00 10030    11   
 308417  C V     40.802 0.303869 0.000e+00    0.000e+00 10078     6   
 308455  C V     40.803 0.303861 0.000e+00    0.000e+00 10077     5   
 308542  C V     40.804 0.303854 0.000e+00    0.000e+00 10077     6   
 308456  C V     40.811 0.303801 0.000e+00    0.000e+00 10072     7   
 308418  C V     40.812 0.303794 0.000e+00    0.000e+00 10073     8   
 308543  C V     40.812 0.303794 0.000e+00    0.000e+00 10073     7   
 308722  C V     40.822 0.303720 0.000e+00    0.000e+00 10031    15   
 308569  C V     40.824 0.303705 0.000e+00    0.000e+00 10048    20   
 308565  C V     40.855 0.303474 0.000e+00    0.000e+00 10044    18   
 308730  C V     40.855 0.303474 0.000e+00    0.000e+00 10044    17   
 308724  C V     40.858 0.303452 0.000e+00    0.000e+00 10114    13   
 308419  C V     40.864 0.303407 0.000e+00    0.000e+00 10010     4   
 308457  C V     40.864 0.303407 0.000e+00    0.000e+00 10009     4   
 308375  C V     40.875 0.303326 0.000e+00    0.000e+00 10001     1   
 308376  C V     40.876 0.303318 0.000e+00    0.000e+00 10002     1   
 308714  C V     40.898 0.303155 0.000e+00    0.000e+00 10082     6   
 308478  C V     40.923 0.302970 0.000e+00    0.000e+00 10024    13   
 308557  C V     40.924 0.302963 0.000e+00    0.000e+00 10023    12   
 308471  C V     40.991 0.302467 0.000e+00    0.000e+00 10020    10   
 308472  C V     40.991 0.302467 0.000e+00    0.000e+00 10020    11   
 308458  C V     41.226 0.300743 0.000e+00    0.000e+00 10010     8   
 308715  C V     41.226 0.300743 0.000e+00    0.000e+00 10010     7   
 308459  C V     41.227 0.300736 0.000e+00    0.000e+00 10009     7   
 308369  C V     41.360 0.299769 0.000e+00    0.000e+00 10004     1   
 308370  C V     41.361 0.299762 0.000e+00    0.000e+00 10003     1   
 308420  C V     41.417 0.299356 0.000e+00    0.000e+00 10007     6   
 308460  C V     41.417 0.299356 0.000e+00    0.000e+00 10007     5   
 308447  C V     41.437 0.299212 0.000e+00    0.000e+00 10242     2   
 308397  C V     41.439 0.299197 0.000e+00    0.000e+00 10242     3   
    362  C V     41.472 0.298959 0.000e+00    4.856e+01     2     1 1s2s~^3S_{1} - 1s^2~^1S_{0}
 308461  C V     41.552 0.298384 0.000e+00    0.000e+00 10011     4   
 308462  C V     41.552 0.298384 0.000e+00    0.000e+00 10012     4   
 308371  C V     41.562 0.298312 0.000e+00    0.000e+00 10247     2   
 308377  C V     41.564 0.298298 0.000e+00    0.000e+00 10247     3   
 308372  C V     41.567 0.298276 0.000e+00    0.000e+00 10248     3   
 308398  C V     43.792 0.283121 0.000e+00    0.000e+00 10000     2   
 308399  C V     43.794 0.283108 0.000e+00    0.000e+00 10000     3   
    573  C VI    120.46 0.102926 0.000e+00    1.001e+10    20     3 5d~^2D_{3/2} - 2p~^2P_{1/2}
    567  C VI    120.46 0.102926 0.000e+00    6.310e+09    19     2 5p~^2P_{3/2} - 2s~^2S_{1/2}
    572  C VI    120.46 0.102926 0.000e+00    5.474e+08    17     3 5s~^2S_{1/2} - 2p~^2P_{1/2}
    566  C VI    120.47 0.102917 0.000e+00    6.302e+09    18     2 5p~^2P_{1/2} - 2s~^2S_{1/2}
    582  C VI    120.53 0.102866 0.000e+00    1.201e+10    21     4 5d~^2D_{5/2} - 2p~^2P_{3/2}
    581  C VI    120.53 0.102866 0.000e+00    2.002e+09    20     4 5d~^2D_{3/2} - 2p~^2P_{3/2}
    580  C VI    120.53 0.102866 0.000e+00    1.095e+09    17     4 5s~^2S_{1/2} - 2p~^2P_{3/2}
    571  C VI    134.91 0.091902 0.000e+00    2.191e+10    13     3 4d~^2D_{3/2} - 2p~^2P_{1/2}
    565  C VI    134.91 0.091902 0.000e+00    1.233e+10    12     2 4p~^2P_{3/2} - 2s~^2S_{1/2}
    570  C VI    134.92 0.091895 0.000e+00    5.477e+08    10     3 4s~^2S_{1/2} - 2p~^2P_{1/2}
    564  C VI    134.92 0.091895 0.000e+00    1.231e+10    11     2 4p~^2P_{1/2} - 2s~^2S_{1/2}
    579  C VI    134.99 0.091847 0.000e+00    2.629e+10    14     4 4d~^2D_{5/2} - 2p~^2P_{3/2}
    578  C VI    134.99 0.091847 0.000e+00    4.381e+09    13     4 4d~^2D_{3/2} - 2p~^2P_{3/2}
    577  C VI    135.00 0.091840 0.000e+00    1.095e+09    10     4 4s~^2S_{1/2} - 2p~^2P_{3/2}
    434  C V     156.30 0.079325 0.000e+00    3.247e+09    34     2 1s5p~^3P_{0} - 1s2s~^3S_{1}
    435  C V     156.30 0.079325 0.000e+00    3.194e+09    35     2 1s5p~^3P_{1} - 1s2s~^3S_{1}
    436  C V     156.30 0.079325 0.000e+00    3.181e+09    36     2 1s5p~^3P_{2} - 1s2s~^3S_{1}
    494  C V     167.40 0.074065 0.000e+00    3.677e+09    38     4 1s5d~^3D_{1} - 1s2p~^3P_{0}
    495  C V     167.40 0.074065 0.000e+00    2.725e+09    38     5 1s5d~^3D_{1} - 1s2p~^3P_{1}
    496  C V     167.40 0.074065 0.000e+00    1.843e+08    38     6 1s5d~^3D_{1} - 1s2p~^3P_{2}
    497  C V     167.40 0.074065 0.000e+00    4.939e+09    39     5 1s5d~^3D_{2} - 1s2p~^3P_{1}
    498  C V     167.40 0.074065 0.000e+00    1.635e+09    39     6 1s5d~^3D_{2} - 1s2p~^3P_{2}
    499  C V     167.40 0.074065 0.000e+00    6.569e+09    40     6 1s5d~^3D_{3} - 1s2p~^3P_{2}
    382  C V     167.50 0.074021 0.000e+00    2.993e+09    37     3 1s5p~^1P_{1} - 1s2s~^1S_{0}
    407  C V     168.50 0.073581 0.000e+00    1.432e+08    32     4 1s5s~^3S_{1} - 1s2p~^3P_{0}
    408  C V     168.50 0.073581 0.000e+00    4.227e+08    32     5 1s5s~^3S_{1} - 1s2p~^3P_{1}
    409  C V     168.50 0.073581 0.000e+00    7.014e+08    32     6 1s5s~^3S_{1} - 1s2p~^3P_{2}
    422  C V     173.40 0.071502 0.000e+00    6.247e+09    20     2 1s4p~^3P_{0} - 1s2s~^3S_{1}
    423  C V     173.40 0.071502 0.000e+00    6.146e+09    21     2 1s4p~^3P_{1} - 1s2s~^3S_{1}
    424  C V     173.40 0.071502 0.000e+00    6.120e+09    22     2 1s4p~^3P_{2} - 1s2s~^3S_{1}
    394  C V     175.80 0.070526 0.000e+00    5.580e+09    41     7 1s5d~^1D_{2} - 1s2p~^1P_{1}
    370  C V     176.20 0.070366 0.000e+00    1.130e+09    33     7 1s5s~^1S_{0} - 1s2p~^1P_{1}
    569  C VI    182.09 0.068090 0.000e+00    6.870e+10     8     3 3d~^2D_{3/2} - 2p~^2P_{1/2}
    563  C VI    182.10 0.068086 0.000e+00    2.863e+10     7     2 3p~^2P_{3/2} - 2s~^2S_{1/2}
    568  C VI    182.13 0.068075 0.000e+00    2.683e+09     5     3 3s~^2S_{1/2} - 2p~^2P_{1/2}
    562  C VI    182.14 0.068071 0.000e+00    2.858e+10     6     2 3p~^2P_{1/2} - 2s~^2S_{1/2}
    576  C VI    182.23 0.068037 0.000e+00    8.240e+10     9     4 3d~^2D_{5/2} - 2p~^2P_{3/2}
    575  C VI    182.25 0.068030 0.000e+00    1.373e+10     8     4 3d~^2D_{3/2} - 2p~^2P_{3/2}
    574  C VI    182.29 0.068015 0.000e+00    5.364e+09     5     4 3s~^2S_{1/2} - 2p~^2P_{3/2}
    377  C V     186.70 0.066408 0.000e+00    5.767e+09    23     3 1s4p~^1P_{1} - 1s2s~^1S_{0}
    470  C V     186.80 0.066373 0.000e+00    7.935e+09    24     4 1s4d~^3D_{1} - 1s2p~^3P_{0}
    471  C V     186.80 0.066373 0.000e+00    5.883e+09    24     5 1s4d~^3D_{1} - 1s2p~^3P_{1}
    472  C V     186.80 0.066373 0.000e+00    3.977e+08    24     6 1s4d~^3D_{1} - 1s2p~^3P_{2}
    473  C V     186.80 0.066373 0.000e+00    1.066e+10    25     5 1s4d~^3D_{2} - 1s2p~^3P_{1}
    474  C V     186.80 0.066373 0.000e+00    3.530e+09    25     6 1s4d~^3D_{2} - 1s2p~^3P_{2}
    475  C V     186.80 0.066373 0.000e+00    1.418e+10    26     6 1s4d~^3D_{3} - 1s2p~^3P_{2}
    404  C V     189.30 0.065496 0.000e+00    2.924e+08    18     4 1s4s~^3S_{1} - 1s2p~^3P_{0}
    405  C V     189.30 0.065496 0.000e+00    8.629e+08    18     5 1s4s~^3S_{1} - 1s2p~^3P_{1}
    406  C V     189.30 0.065496 0.000e+00    1.432e+09    18     6 1s4s~^3S_{1} - 1s2p~^3P_{2}
    390  C V     197.10 0.062904 0.000e+00    1.232e+10    27     7 1s4d~^1D_{2} - 1s2p~^1P_{1}
    369  C V     198.10 0.062587 0.000e+00    2.280e+09    19     7 1s4s~^1S_{0} - 1s2p~^1P_{1}
    410  C V     227.40 0.054523 0.000e+00    1.371e+10    10     2 1s3p~^3P_{0} - 1s2s~^3S_{1}
    411  C V     227.40 0.054523 0.000e+00    1.348e+10    11     2 1s3p~^3P_{1} - 1s2s~^3S_{1}
    412  C V     227.40 0.054523 0.000e+00    1.343e+10    12     2 1s3p~^3P_{2} - 1s2s~^3S_{1}
    349  C IV    244.90 0.050627 0.000e+00    2.210e+09    11     1 1S2 - 1S2
    348  C IV    244.91 0.050624 0.000e+00    2.210e+09    10     1 1S2 - 1S2
    372  C V     247.90 0.050014 0.000e+00    1.277e+10    13     3 1s3p~^1P_{1} - 1s2s~^1S_{0}
    446  C V     248.80 0.049833 0.000e+00    2.386e+10    14     4 1s3d~^3D_{1} - 1s2p~^3P_{0}
    447  C V     248.80 0.049833 0.000e+00    1.769e+10    14     5 1s3d~^3D_{1} - 1s2p~^3P_{1}
    448  C V     248.80 0.049833 0.000e+00    1.196e+09    14     6 1s3d~^3D_{1} - 1s2p~^3P_{2}
    449  C V     248.80 0.049833 0.000e+00    3.205e+10    15     5 1s3d~^3D_{2} - 1s2p~^3P_{1}
    450  C V     248.80 0.049833 0.000e+00    1.061e+10    15     6 1s3d~^3D_{2} - 1s2p~^3P_{2}
    451  C V     248.80 0.049833 0.000e+00    4.262e+10    16     6 1s3d~^3D_{3} - 1s2p~^3P_{2}
    401  C V     260.20 0.047650 0.000e+00    7.553e+08     8     4 1s3s~^3S_{1} - 1s2p~^3P_{0}
    402  C V     260.20 0.047650 0.000e+00    2.229e+09     8     5 1s3s~^3S_{1} - 1s2p~^3P_{1}
    403  C V     260.20 0.047650 0.000e+00    3.700e+09     8     6 1s3s~^3S_{1} - 1s2p~^3P_{2}
    386  C V     267.50 0.046349 0.000e+00    3.960e+10    17     7 1s3d~^1D_{2} - 1s2p~^1P_{1}
    368  C V     271.90 0.045599 0.000e+00    5.680e+09     9     7 1s3s~^1S_{0} - 1s2p~^1P_{1}
    358  C IV    289.14 0.042880 0.000e+00    4.850e+09    12     2 1S2 - 1S2
    357  C IV    289.23 0.042867 0.000e+00    5.820e+09    13     3 1S2 - 1S2
    359  C IV    289.23 0.042867 0.000e+00    9.690e+08    12     3 1S2 - 1S2
    356  C IV    296.86 0.041765 0.000e+00    5.850e+08     9     2 1S2 - 1S2
    355  C IV    296.95 0.041753 0.000e+00    1.170e+09     9     3 1S2 - 1S2
    347  C IV    312.42 0.039685 0.000e+00    4.570e+09     6     1 1S2 - 1S2
    346  C IV    312.45 0.039681 0.000e+00    4.550e+09     5     1 1S2 - 1S2
    590  C VI    355.74 0.034853 0.000e+00    3.601e+09    20     6 5d~^2D_{3/2} - 3p~^2P_{1/2}
    586  C VI    355.75 0.034852 0.000e+00    2.088e+09    19     5 5p~^2P_{3/2} - 3s~^2S_{1/2}
    589  C VI    355.78 0.034849 0.000e+00    3.845e+08    17     6 5s~^2S_{1/2} - 3p~^2P_{1/2}
    585  C VI    355.79 0.034848 0.000e+00    2.085e+09    18     5 5p~^2P_{1/2} - 3s~^2S_{1/2}
    596  C VI    355.91 0.034836 0.000e+00    4.321e+09    21     7 5d~^2D_{5/2} - 3p~^2P_{3/2}
    601  C VI    355.92 0.034835 0.000e+00    1.907e+07    19     8 5p~^2P_{3/2} - 3d~^2D_{3/2}
    595  C VI    355.92 0.034835 0.000e+00    7.202e+08    20     7 5d~^2D_{3/2} - 3p~^2P_{3/2}
    594  C VI    355.95 0.034832 0.000e+00    7.686e+08    17     7 5s~^2S_{1/2} - 3p~^2P_{3/2}
    600  C VI    355.96 0.034831 0.000e+00    1.905e+08    18     8 5p~^2P_{1/2} - 3d~^2D_{3/2}
    605  C VI    355.98 0.034829 0.000e+00    1.715e+08    19     9 5p~^2P_{3/2} - 3d~^2D_{5/2}
    353  C IV    384.03 0.032285 0.000e+00    1.480e+10     7     2 1S2 - 1S2
    352  C IV    384.17 0.032273 0.000e+00    1.770e+10     8     3 1S2 - 1S2
    354  C IV    384.19 0.032272 0.000e+00    2.960e+09     7     3 1S2 - 1S2
    230  C III   385.02 0.032202 0.000e+00    1.244e+00    15     1 2S1 - 2S2
    229  C III   385.04 0.032200 0.000e+00    5.152e+06    14     1 2S1 - 2S2
    231  C III   386.20 0.032104 0.000e+00    3.338e+09    16     1 2S1 - 2S2
    350  C IV    419.52 0.029554 0.000e+00    1.430e+09     4     2 1S2 - 1S2
    351  C IV    419.71 0.029540 0.000e+00    2.850e+09     4     3 1S2 - 1S2
    228  C III   419.79 0.029535 0.000e+00    1.633e-11    11     1 2S1 - 2S2
    242  C III   446.20 0.027787 0.000e+00    5.157e-01    20     2 2S1 - 2S1
    257  C III   446.24 0.027784 0.000e+00    2.401e+03    20     3 2S1 - 2S1
    271  C III   446.36 0.027777 0.000e+00    1.640e+01    20     4 2S1 - 2S1
    241  C III   459.46 0.026985 0.000e+00    2.986e+00    18     2 2S1 - 2S1
    240  C III   459.46 0.026985 0.000e+00    5.774e+09    17     2 2S1 - 2S1
    256  C III   459.51 0.026982 0.000e+00    2.982e+00    19     3 2S1 - 2S1
    255  C III   459.51 0.026982 0.000e+00    7.795e+09    18     3 2S1 - 2S1
    254  C III   459.52 0.026981 0.000e+00    4.331e+09    17     3 2S1 - 2S1
    270  C III   459.63 0.026975 0.000e+00    1.039e+10    19     4 2S1 - 2S1
    269  C III   459.63 0.026975 0.000e+00    2.598e+09    18     4 2S1 - 2S1
    268  C III   459.63 0.026975 0.000e+00    2.887e+08    17     4 2S1 - 2S1
    437  C V     472.40 0.026246 0.000e+00    9.558e+08    34     8 1s5p~^3P_{0} - 1s3s~^3S_{1}
    438  C V     472.40 0.026246 0.000e+00    9.402e+08    35     8 1s5p~^3P_{1} - 1s3s~^3S_{1}
    439  C V     472.40 0.026246 0.000e+00    9.362e+08    36     8 1s5p~^3P_{2} - 1s3s~^3S_{1}
    239  C III   482.29 0.025707 0.000e+00    6.647e-04    14     2 2S1 - 2S1
    253  C III   482.34 0.025705 0.000e+00    1.932e+04    14     3 2S1 - 2S1
    252  C III   482.36 0.025704 0.000e+00    2.247e-03    13     3 2S1 - 2S1
    267  C III   482.48 0.025697 0.000e+00    5.798e+04    14     4 2S1 - 2S1
    266  C III   482.49 0.025697 0.000e+00    7.742e+04    13     4 2S1 - 2S1
    383  C V     496.10 0.024992 0.000e+00    9.300e+08    37     9 1s5p~^1P_{1} - 1s3s~^1S_{0}
    500  C V     497.30 0.024932 0.000e+00    1.210e+09    38    10 1s5d~^3D_{1} - 1s3p~^3P_{0}
    501  C V     497.30 0.024932 0.000e+00    8.973e+08    38    11 1s5d~^3D_{1} - 1s3p~^3P_{1}
    502  C V     497.30 0.024932 0.000e+00    6.067e+07    38    12 1s5d~^3D_{1} - 1s3p~^3P_{2}
    503  C V     497.30 0.024932 0.000e+00    1.626e+09    39    11 1s5d~^3D_{2} - 1s3p~^3P_{1}
    504  C V     497.30 0.024932 0.000e+00    5.384e+08    39    12 1s5d~^3D_{2} - 1s3p~^3P_{2}
    505  C V     497.30 0.024932 0.000e+00    2.163e+09    40    12 1s5d~^3D_{3} - 1s3p~^3P_{2}
    419  C V     506.50 0.024479 0.000e+00    9.539e+07    32    10 1s5s~^3S_{1} - 1s3p~^3P_{0}
    420  C V     506.50 0.024479 0.000e+00    2.815e+08    32    11 1s5s~^3S_{1} - 1s3p~^3P_{1}
    421  C V     506.50 0.024479 0.000e+00    4.672e+08    32    12 1s5s~^3S_{1} - 1s3p~^3P_{2}
    389  C V     511.50 0.024239 0.000e+00    8.400e+07    37    17 1s5p~^1P_{1} - 1s3d~^1D_{2}
    251  C III   513.40 0.024150 0.000e+00    1.287e+02    12     3 2S1 - 2S1
    265  C III   513.55 0.024143 0.000e+00    1.742e+00    12     4 2S1 - 2S1
    464  C V     515.30 0.024061 0.000e+00    1.257e+08    34    14 1s5p~^3P_{0} - 1s3d~^3D_{1}
    465  C V     515.30 0.024061 0.000e+00    3.106e+07    35    14 1s5p~^3P_{1} - 1s3d~^3D_{1}
    466  C V     515.30 0.024061 0.000e+00    1.260e+06    36    14 1s5p~^3P_{2} - 1s3d~^3D_{1}
    467  C V     515.30 0.024061 0.000e+00    9.380e+07    35    15 1s5p~^3P_{1} - 1s3d~^3D_{2}
    468  C V     515.30 0.024061 0.000e+00    1.864e+07    36    15 1s5p~^3P_{2} - 1s3d~^3D_{2}
    469  C V     515.30 0.024061 0.000e+00    1.048e+08    36    16 1s5p~^3P_{2} - 1s3d~^3D_{3}
    395  C V     517.70 0.023949 0.000e+00    2.100e+09    41    13 1s5d~^1D_{2} - 1s3p~^1P_{1}
    588  C VI    520.28 0.023830 0.000e+00    7.478e+09    13     6 4d~^2D_{3/2} - 3p~^2P_{1/2}
    584  C VI    520.30 0.023829 0.000e+00    3.909e+09    12     5 4p~^2P_{3/2} - 3s~^2S_{1/2}
    587  C VI    520.43 0.023823 0.000e+00    3.899e+08    10     6 4s~^2S_{1/2} - 3p~^2P_{1/2}
    583  C VI    520.46 0.023822 0.000e+00    3.903e+09    11     5 4p~^2P_{1/2} - 3s~^2S_{1/2}
    599  C VI    520.60 0.023816 0.000e+00    1.641e+10    15     8 4f~^2F_{5/2} - 3d~^2D_{3/2}
    593  C VI    520.60 0.023816 0.000e+00    8.970e+09    14     7 4d~^2D_{5/2} - 3p~^2P_{3/2}
    598  C VI    520.66 0.023813 0.000e+00    4.429e+07    12     8 4p~^2P_{3/2} - 3d~^2D_{3/2}
    592  C VI    520.66 0.023813 0.000e+00    1.495e+09    13     7 4d~^2D_{3/2} - 3p~^2P_{3/2}
    604  C VI    520.70 0.023811 0.000e+00    1.758e+10    16     9 4f~^2F_{7/2} - 3d~^2D_{5/2}
    603  C VI    520.73 0.023810 0.000e+00    1.172e+09    15     9 4f~^2F_{5/2} - 3d~^2D_{5/2}
    602  C VI    520.78 0.023807 0.000e+00    3.985e+08    12     9 4p~^2P_{3/2} - 3d~^2D_{5/2}
    591  C VI    520.81 0.023806 0.000e+00    7.797e+08    10     7 4s~^2S_{1/2} - 3p~^2P_{3/2}
    597  C VI    520.82 0.023806 0.000e+00    4.428e+08    11     8 4p~^2P_{1/2} - 3d~^2D_{3/2}
    375  C V     521.30 0.023784 0.000e+00    7.490e+08    33    13 1s5s~^1S_{0} - 1s3p~^1P_{1}
    525  C V     531.80 0.023314 0.000e+00    2.211e+09    42    14 1s5f~^3F_{2} - 1s3d~^3D_{1}
    526  C V     531.80 0.023314 0.000e+00    4.212e+08    42    15 1s5f~^3F_{2} - 1s3d~^3D_{2}
    527  C V     531.80 0.023314 0.000e+00    2.336e+09    43    15 1s5f~^3F_{3} - 1s3d~^3D_{2}
    528  C V     531.80 0.023314 0.000e+00    9.875e+06    42    16 1s5f~^3F_{2} - 1s3d~^3D_{3}
    529  C V     531.80 0.023314 0.000e+00    3.009e+08    43    16 1s5f~^3F_{3} - 1s3d~^3D_{3}
    530  C V     531.80 0.023314 0.000e+00    2.626e+09    44    16 1s5f~^3F_{4} - 1s3d~^3D_{3}
    531  C V     534.05 0.023216 0.000e+00    2.616e+09    45    17 1s5f~^1F_{3} - 1s3d~^1D_{2}
    238  C III   538.08 0.023042 0.000e+00    4.191e+08    11     2 2S1 - 2S1
    250  C III   538.15 0.023039 0.000e+00    1.258e+09    11     3 2S1 - 2S1
    264  C III   538.31 0.023032 0.000e+00    2.099e+09    11     4 2S1 - 2S1
    284  C III   574.28 0.021590 0.000e+00    8.452e+09    20     5 2S1 - 2S1
    283  C III   596.43 0.020788 0.000e+00    8.271e-01    19     5 2S1 - 2S1
    282  C III   596.44 0.020787 0.000e+00    2.306e+03    18     5 2S1 - 2S1
    281  C III   596.45 0.020787 0.000e+00    2.210e+03    17     5 2S1 - 2S1
    280  C III   635.49 0.019510 0.000e+00    5.173e+01    14     5 2S1 - 2S1
    279  C III   635.51 0.019509 0.000e+00    3.442e-03    13     5 2S1 - 2S1
    425  C V     672.50 0.018436 0.000e+00    1.688e+09    20     8 1s4p~^3P_{0} - 1s3s~^3S_{1}
    426  C V     672.50 0.018436 0.000e+00    1.660e+09    21     8 1s4p~^3P_{1} - 1s3s~^3S_{1}
    427  C V     672.50 0.018436 0.000e+00    1.653e+09    22     8 1s4p~^3P_{2} - 1s3s~^3S_{1}
    227  C III   685.51 0.018086 0.000e+00    2.235e+03     9     1 2P2 - 2S2
    187  C II    687.05 0.018046 0.000e+00    2.240e+09    19     1 2S2 - 2S2
    198  C II    687.35 0.018038 0.000e+00    2.700e+09    20     2 2S2 - 2S2
    197  C II    687.35 0.018038 0.000e+00    4.500e+08    19     2 2S2 - 2S2
    278  C III   690.52 0.017955 0.000e+00    1.344e+09    12     5 2S1 - 2S1
    378  C V     713.00 0.017389 0.000e+00    1.667e+09    23     9 1s4p~^1P_{1} - 1s3s~^1S_{0}
    476  C V     717.90 0.017270 0.000e+00    2.420e+09    24    10 1s4d~^3D_{1} - 1s3p~^3P_{0}
    477  C V     717.90 0.017270 0.000e+00    1.794e+09    24    11 1s4d~^3D_{1} - 1s3p~^3P_{1}
    478  C V     717.90 0.017270 0.000e+00    1.213e+08    24    12 1s4d~^3D_{1} - 1s3p~^3P_{2}
    479  C V     717.90 0.017270 0.000e+00    3.251e+09    25    11 1s4d~^3D_{2} - 1s3p~^3P_{1}
    480  C V     717.90 0.017270 0.000e+00    1.076e+09    25    12 1s4d~^3D_{2} - 1s3p~^3P_{2}
    481  C V     717.90 0.017270 0.000e+00    4.324e+09    26    12 1s4d~^3D_{3} - 1s3p~^3P_{2}
    226  C III   727.26 0.017048 0.000e+00    1.934e-02     8     1 2P2 - 2S2
    225  C III   727.51 0.017042 0.000e+00    1.610e-03     7     1 2P2 - 2S2
    277  C III   736.04 0.016845 0.000e+00    1.241e+03    11     5 2S1 - 2S1
    388  C V     745.40 0.016633 0.000e+00    1.943e+08    23    17 1s4p~^1P_{1} - 1s3d~^1D_{2}
    416  C V     757.10 0.016376 0.000e+00    2.019e+08    18    10 1s4s~^3S_{1} - 1s3p~^3P_{0}
    417  C V     757.10 0.016376 0.000e+00    5.960e+08    18    11 1s4s~^3S_{1} - 1s3p~^3P_{1}
    418  C V     757.10 0.016376 0.000e+00    9.890e+08    18    12 1s4s~^3S_{1} - 1s3p~^3P_{2}
    391  C V     760.90 0.016294 0.000e+00    4.420e+09    27    13 1s4d~^1D_{2} - 1s3p~^1P_{1}
    458  C V     762.90 0.016252 0.000e+00    2.945e+08    20    14 1s4p~^3P_{0} - 1s3d~^3D_{1}
    459  C V     762.90 0.016252 0.000e+00    7.276e+07    21    14 1s4p~^3P_{1} - 1s3d~^3D_{1}
    460  C V     762.90 0.016252 0.000e+00    2.952e+06    22    14 1s4p~^3P_{2} - 1s3d~^3D_{1}
    461  C V     762.90 0.016252 0.000e+00    2.197e+08    21    15 1s4p~^3P_{1} - 1s3d~^3D_{2}
    462  C V     762.90 0.016252 0.000e+00    4.366e+07    22    15 1s4p~^3P_{2} - 1s3d~^3D_{2}
    463  C V     762.90 0.016252 0.000e+00    2.455e+08    22    16 1s4p~^3P_{2} - 1s3d~^3D_{3}
    249  C III   768.47 0.016134 0.000e+00    1.209e+03    10     3 2P2 - 2S1
    263  C III   768.80 0.016127 0.000e+00    1.286e-01    10     4 2P2 - 2S1
    374  C V     776.10 0.015975 0.000e+00    1.550e+09    19    13 1s4s~^1S_{0} - 1s3p~^1P_{1}
    518  C V     776.50 0.015967 0.000e+00    6.734e+09    28    14 1s4f~^3F_{2} - 1s3d~^3D_{1}
    519  C V     776.50 0.015967 0.000e+00    1.283e+09    28    15 1s4f~^3F_{2} - 1s3d~^3D_{2}
    520  C V     776.50 0.015967 0.000e+00    7.115e+09    29    15 1s4f~^3F_{3} - 1s3d~^3D_{2}
    521  C V     776.50 0.015967 0.000e+00    3.008e+07    28    16 1s4f~^3F_{2} - 1s3d~^3D_{3}
    522  C V     776.50 0.015967 0.000e+00    9.166e+08    29    16 1s4f~^3F_{3} - 1s3d~^3D_{3}
    523  C V     776.50 0.015967 0.000e+00    7.999e+09    30    16 1s4f~^3F_{4} - 1s3d~^3D_{3}
    524  C V     781.29 0.015869 0.000e+00    7.938e+09    31    17 1s4f~^1F_{3} - 1s3d~^1D_{2}
    290  C III   817.67 0.015163 0.000e+00    4.198e-04    15     6 2S1 - 2P2
    289  C III   817.76 0.015161 0.000e+00    5.689e+05    14     6 2S1 - 2P2
    299  C III   817.86 0.015160 0.000e+00    4.367e+05    15     7 2S1 - 2P2
    298  C III   817.95 0.015158 0.000e+00    4.198e+05    14     7 2S1 - 2P2
    297  C III   817.99 0.015157 0.000e+00    1.686e+06    13     7 2S1 - 2P2
    307  C III   818.18 0.015154 0.000e+00    1.282e+06    15     8 2S1 - 2P2
    306  C III   818.27 0.015152 0.000e+00    7.129e+05    14     8 2S1 - 2P2
    305  C III   818.30 0.015151 0.000e+00    2.047e-03    13     8 2S1 - 2P2
    291  C III   823.01 0.015065 0.000e+00    1.917e+03    16     6 2S1 - 2P2
    300  C III   823.20 0.015061 0.000e+00    3.467e+02    16     7 2S1 - 2P2
    308  C III   823.52 0.015055 0.000e+00    7.634e+03    16     8 2S1 - 2P2
    186  C II    858.09 0.014449 0.000e+00    3.690e+07    16     1 2S2 - 2S2
    196  C II    858.56 0.014441 0.000e+00    1.110e+08    16     2 2S2 - 2S2
    314  C III   878.36 0.014115 0.000e+00    1.600e+00    15     9 2S1 - 2P2
    313  C III   878.46 0.014114 0.000e+00    1.669e+06    14     9 2S1 - 2P2
    312  C III   878.51 0.014113 0.000e+00    5.210e-02    13     9 2S1 - 2P2
    315  C III   884.52 0.014017 0.000e+00    1.104e+09    16     9 2S1 - 2P2
    185  C II    903.62 0.013721 0.000e+00    6.580e+08    10     1 2S1 - 2S2
    184  C II    903.96 0.013716 0.000e+00    2.630e+09     9     1 2S1 - 2S2
    195  C II    904.14 0.013713 0.000e+00    3.300e+09    10     2 2S1 - 2S2
    194  C II    904.48 0.013708 0.000e+00    1.330e+09     9     2 2S1 - 2S2
    296  C III   911.44 0.013603 0.000e+00    5.779e-04    12     7 2S1 - 2P2
    304  C III   911.84 0.013597 0.000e+00    1.498e-01    12     8 2S1 - 2P2
    224  C III   977.02 0.012690 0.000e+00    1.670e+09     5     1 2S1 - 2S2
    311  C III   987.22 0.012559 0.000e+00    1.062e+04    12     9 2S1 - 2P2
    288  C III   992.19 0.012496 0.000e+00    2.466e-05    11     6 2S1 - 2P2
    295  C III   992.47 0.012493 0.000e+00    2.567e-05    11     7 2S1 - 2P2
    303  C III   992.94 0.012487 0.000e+00    5.265e-05    11     8 2S1 - 2P2
    199  C II    1009.9 0.012277 0.000e+00    5.760e+08    11     3 2P3 - 2S1
    200  C II    1010.1 0.012274 0.000e+00    1.150e+09    11     4 2P3 - 2S1
    201  C II    1010.4 0.012271 0.000e+00    1.730e+09    11     5 2P3 - 2S1
    183  C II    1036.3 0.011964 0.000e+00    7.990e+08     8     1 2S1 - 2S2
    193  C II    1037.0 0.011956 0.000e+00    1.590e+09     8     2 2S1 - 2S2
    208  C II    1065.9 0.011632 0.000e+00    1.559e+09    15     7 2P3 - 2S1
    205  C II    1065.9 0.011632 0.000e+00    1.786e+08    15     6 2P3 - 2S1
    204  C II    1066.1 0.011630 0.000e+00    1.754e+09    14     6 2P3 - 2S1
    237  C III   1069.4 0.011594 0.000e+00    2.883e-02     9     2 2P2 - 2S1
    248  C III   1069.7 0.011591 0.000e+00    1.409e+03     9     3 2P2 - 2S1
    262  C III   1070.3 0.011584 0.000e+00    1.566e+04     9     4 2P2 - 2S1
    310  C III    1083. 0.011448 0.000e+00    7.323e-05    11     9 2S1 - 2P2
    609  C VI    1124.1 0.011030 0.000e+00    1.579e+09    20    11 5d~^2D_{3/2} - 4p~^2P_{1/2}
    607  C VI    1124.2 0.011029 0.000e+00    9.402e+08    19    10 5p~^2P_{3/2} - 4s~^2S_{1/2}
    608  C VI    1124.5 0.011026 0.000e+00    2.740e+08    17    11 5s~^2S_{1/2} - 4p~^2P_{1/2}
    606  C VI    1124.5 0.011026 0.000e+00    9.386e+08    18    10 5p~^2P_{1/2} - 4s~^2S_{1/2}
    615  C VI    1124.7 0.011024 0.000e+00    3.074e+09    22    13 5f~^2F_{5/2} - 4d~^2D_{3/2}
    612  C VI    1124.7 0.011024 0.000e+00    1.893e+09    21    12 5d~^2D_{5/2} - 4p~^2P_{3/2}
    614  C VI    1124.9 0.011022 0.000e+00    2.402e+07    19    13 5p~^2P_{3/2} - 4d~^2D_{3/2}
    611  C VI    1124.9 0.011022 0.000e+00    3.156e+08    20    12 5d~^2D_{3/2} - 4p~^2P_{3/2}
    619  C VI    1124.9 0.011022 0.000e+00    5.229e+09    24    15 5g~^2G_{7/2} - 4f~^2F_{5/2}
    618  C VI    1124.9 0.011022 0.000e+00    3.294e+09    23    14 5f~^2F_{7/2} - 4d~^2D_{5/2}
    617  C VI     1125. 0.011021 0.000e+00    2.196e+08    22    14 5f~^2F_{5/2} - 4d~^2D_{5/2}
    620  C VI    1125.0 0.011021 0.000e+00    5.423e+09    25    16 5g~^2G_{9/2} - 4f~^2F_{7/2}
    616  C VI    1125.1 0.011020 0.000e+00    2.161e+08    19    14 5p~^2P_{3/2} - 4d~^2D_{5/2}
    610  C VI    1125.2 0.011019 0.000e+00    5.480e+08    17    12 5s~^2S_{1/2} - 4p~^2P_{3/2}
    613  C VI    1125.3 0.011018 0.000e+00    2.401e+08    18    13 5p~^2P_{1/2} - 4d~^2D_{3/2}
    360  C IV    1168.8 0.010608 0.000e+00    3.310e+09    14     7 1S2 - 1S2
    361  C IV     1169. 0.010606 0.000e+00    3.550e+09    15     8 1S2 - 1S2
    236  C III   1174.6 0.010555 0.000e+00    6.790e-03     8     2 2P2 - 2S1
    247  C III   1174.9 0.010553 0.000e+00    3.321e+08     8     3 2P2 - 2S1
    235  C III   1175.3 0.010549 0.000e+00    4.424e+08     7     2 2P2 - 2S1
    246  C III   1175.6 0.010546 0.000e+00    3.315e+08     7     3 2P2 - 2S1
    261  C III   1175.7 0.010546 0.000e+00    9.942e+08     8     4 2P2 - 2S1
    245  C III    1176. 0.010543 0.000e+00    1.325e+09     6     3 2P2 - 2S1
    260  C III   1176.4 0.010539 0.000e+00    5.513e+08     7     4 2P2 - 2S1
    259  C III   1176.8 0.010536 0.000e+00    3.323e-02     6     4 2P2 - 2S1
    276  C III   1247.4 0.009939 0.000e+00    2.385e+09    10     5 2P2 - 2S1
    318  C III   1295.3 0.009572 0.000e+00    3.239e-03    15    10 2S1 - 2P2
    317  C III   1295.5 0.009570 0.000e+00    1.135e+05    14    10 2S1 - 2P2
    319  C III   1308.7 0.009474 0.000e+00    7.245e+07    16    10 2S1 - 2P2
    206  C II    1323.9 0.009365 0.000e+00    5.100e+07    12     7 2P3 - 2S1
    202  C II    1323.9 0.009365 0.000e+00    4.530e+08    12     6 2P3 - 2S1
    207  C II     1324. 0.009364 0.000e+00    4.710e+08    13     7 2P3 - 2S1
    203  C II     1324. 0.009364 0.000e+00    3.380e+07    13     6 2P3 - 2S1
    182  C II    1334.5 0.009291 0.000e+00    2.410e+08     6     1 2S1 - 2S2
    191  C II    1335.7 0.009282 0.000e+00    4.790e+07     6     2 2S1 - 2S2
    192  C II    1335.7 0.009282 0.000e+00    2.890e+08     7     2 2S1 - 2S2
    210  C II     1384. 0.008958 0.000e+00    1.127e+08    15     8 2P3 - 2S1
    209  C II    1384.4 0.008956 0.000e+00    9.503e+07    14     8 2P3 - 2S1
    440  C V     1475.0 0.008406 0.000e+00    3.853e+08    34    18 1s5p~^3P_{0} - 1s4s~^3S_{1}
    441  C V     1475.0 0.008406 0.000e+00    3.790e+08    35    18 1s5p~^3P_{1} - 1s4s~^3S_{1}
    442  C V     1475.0 0.008406 0.000e+00    3.774e+08    36    18 1s5p~^3P_{2} - 1s4s~^3S_{1}
    384  C V     1546.0 0.008020 0.000e+00    3.900e+08    37    19 1s5p~^1P_{1} - 1s4s~^1S_{0}
    345  C IV    1548.2 0.008008 0.000e+00    2.650e+08     3     1 1S2 - 1S2
    344  C IV    1550.8 0.007995 0.000e+00    2.630e+08     2     1 1S2 - 1S2
    506  C V     1558.0 0.007958 0.000e+00    4.943e+08    38    20 1s5d~^3D_{1} - 1s4p~^3P_{0}
    507  C V     1558.0 0.007958 0.000e+00    3.664e+08    38    21 1s5d~^3D_{1} - 1s4p~^3P_{1}
    508  C V     1558.0 0.007958 0.000e+00    2.478e+07    38    22 1s5d~^3D_{1} - 1s4p~^3P_{2}
    509  C V     1558.0 0.007958 0.000e+00    6.640e+08    39    21 1s5d~^3D_{2} - 1s4p~^3P_{1}
    510  C V     1558.0 0.007958 0.000e+00    2.199e+08    39    22 1s5d~^3D_{2} - 1s4p~^3P_{2}
    511  C V     1558.0 0.007958 0.000e+00    8.832e+08    40    22 1s5d~^3D_{3} - 1s4p~^3P_{2}
    393  C V     1610.0 0.007701 0.000e+00    1.073e+08    37    27 1s5p~^1P_{1} - 1s4d~^1D_{2}
    396  C V     1641.0 0.007555 0.000e+00    9.420e+08    41    23 1s5d~^1D_{2} - 1s4p~^1P_{1}
    488  C V     1651.0 0.007510 0.000e+00    1.543e+08    34    24 1s5p~^3P_{0} - 1s4d~^3D_{1}
    489  C V     1651.0 0.007510 0.000e+00    3.813e+07    35    24 1s5p~^3P_{1} - 1s4d~^3D_{1}
    490  C V     1651.0 0.007510 0.000e+00    1.547e+06    36    24 1s5p~^3P_{2} - 1s4d~^3D_{1}
    491  C V     1651.0 0.007510 0.000e+00    1.151e+08    35    25 1s5p~^3P_{1} - 1s4d~^3D_{2}
    492  C V     1651.0 0.007510 0.000e+00    2.288e+07    36    25 1s5p~^3P_{2} - 1s4d~^3D_{2}
    493  C V     1651.0 0.007510 0.000e+00    1.286e+08    36    26 1s5p~^3P_{2} - 1s4d~^3D_{3}
    431  C V     1652.0 0.007505 0.000e+00    6.792e+07    32    20 1s5s~^3S_{1} - 1s4p~^3P_{0}
    432  C V     1652.0 0.007505 0.000e+00    2.004e+08    32    21 1s5s~^3S_{1} - 1s4p~^3P_{1}
    433  C V     1652.0 0.007505 0.000e+00    3.326e+08    32    22 1s5s~^3S_{1} - 1s4p~^3P_{2}
    532  C V     1676.4 0.007396 0.000e+00    1.264e+09    42    24 1s5f~^3F_{2} - 1s4d~^3D_{1}
    533  C V     1676.4 0.007396 0.000e+00    2.409e+08    42    25 1s5f~^3F_{2} - 1s4d~^3D_{2}
    534  C V     1676.4 0.007396 0.000e+00    1.336e+09    43    25 1s5f~^3F_{3} - 1s4d~^3D_{2}
    535  C V     1676.4 0.007396 0.000e+00    5.646e+06    42    26 1s5f~^3F_{2} - 1s4d~^3D_{3}
    536  C V     1676.4 0.007396 0.000e+00    1.720e+08    43    26 1s5f~^3F_{3} - 1s4d~^3D_{3}
    537  C V     1676.4 0.007396 0.000e+00    1.501e+09    44    26 1s5f~^3F_{4} - 1s4d~^3D_{3}
    380  C V     1677.0 0.007393 0.000e+00    5.340e+08    33    23 1s5s~^1S_{0} - 1s4p~^1P_{1}
    538  C V     1687.6 0.007347 0.000e+00    1.489e+09    45    27 1s5f~^1F_{3} - 1s4d~^1D_{2}
    545  C V     1687.6 0.007347 0.000e+00    2.909e+07    41    31 1s5d~^1D_{2} - 1s4f~^1F_{3}
    546  C V     1687.6 0.007347 0.000e+00    2.269e+09    46    28 1s5g~^3G_{3} - 1s4f~^3F_{2}
    547  C V     1687.6 0.007347 0.000e+00    1.976e+08    46    29 1s5g~^3G_{3} - 1s4f~^3F_{3}
    548  C V     1687.6 0.007347 0.000e+00    2.326e+09    47    29 1s5g~^3G_{4} - 1s4f~^3F_{3}
    549  C V     1687.6 0.007347 0.000e+00    3.765e+06    46    30 1s5g~^3G_{3} - 1s4f~^3F_{4}
    550  C V     1687.6 0.007347 0.000e+00    1.537e+08    47    30 1s5g~^3G_{4} - 1s4f~^3F_{4}
    551  C V     1687.6 0.007347 0.000e+00    2.452e+09    48    30 1s5g~^3G_{5} - 1s4f~^3F_{4}
    552  C V     1687.6 0.007347 0.000e+00    2.452e+09    49    31 1s5g~^1G_{4} - 1s4f~^1F_{3}
    539  C V     1698.9 0.007298 0.000e+00    2.864e+07    38    28 1s5d~^3D_{1} - 1s4f~^3F_{2}
    540  C V     1698.9 0.007298 0.000e+00    3.274e+06    39    28 1s5d~^3D_{2} - 1s4f~^3F_{2}
    541  C V     1698.9 0.007298 0.000e+00    5.482e+04    40    28 1s5d~^3D_{3} - 1s4f~^3F_{2}
    542  C V     1698.9 0.007298 0.000e+00    2.542e+07    39    29 1s5d~^3D_{2} - 1s4f~^3F_{3}
    543  C V     1698.9 0.007298 0.000e+00    2.339e+06    40    29 1s5d~^3D_{3} - 1s4f~^3F_{3}
    544  C V     1698.9 0.007298 0.000e+00    2.624e+07    40    30 1s5d~^3D_{3} - 1s4f~^3F_{4}
    213  C II    1720.5 0.007206 0.000e+00    7.159e+07    15     9 2P3 - 2S1
    212  C II    1721.0 0.007204 0.000e+00    3.310e+08    14     9 2P3 - 2S1
    217  C II    1721.7 0.007201 0.000e+00    3.969e+08    15    10 2P3 - 2S1
    216  C II    1722.2 0.007199 0.000e+00    1.565e+08    14    10 2P3 - 2S1
    316  C III   1795.5 0.006905 0.000e+00    7.996e-12    11    10 2S1 - 2P2
    223  C III   1906.7 0.006503 0.000e+00    4.932e-03     4     1 2S1 - 2S2
    222  C III   1908.7 0.006496 0.000e+00    9.732e+01     3     1 2S1 - 2S2
    234  C III   2000.6 0.006197 0.000e+00    1.509e-03     5     2 2S1 - 2S1
    244  C III   2001.5 0.006195 0.000e+00    1.200e-03     5     3 2S1 - 2S1
    258  C III   2003.8 0.006187 0.000e+00    1.920e-03     5     4 2S1 - 2S1
    294  C III    2219. 0.005587 0.000e+00    1.286e-02    10     7 2P2 - 2P2
    302  C III   2221.3 0.005582 0.000e+00    5.125e-04    10     8 2P2 - 2P2
    400  C V     2271.6 0.005458 0.000e+00    5.513e+07     6     2 1s2p~^3P_{2} - 1s2s~^3S_{1}
    398  C V      2278. 0.005443 0.000e+00    5.628e+07     4     2 1s2p~^3P_{0} - 1s2s~^3S_{1}
    399  C V     2278.6 0.005441 0.000e+00    5.536e+07     5     2 1s2p~^3P_{1} - 1s2s~^3S_{1}
    275  C III   2297.6 0.005396 0.000e+00    1.452e+08     9     5 2P2 - 2S1
    181  C II    2324.2 0.005334 0.000e+00    1.710e+00     4     1 2S1 - 2S2
    180  C II    2325.4 0.005332 0.000e+00    5.530e+01     3     1 2S1 - 2S2
    190  C II    2326.1 0.005330 0.000e+00    4.320e+01     5     2 2S1 - 2S2
    189  C II    2327.7 0.005326 0.000e+00    5.240e+00     4     2 2S1 - 2S2
    188  C II    2328.8 0.005324 0.000e+00    6.550e+01     3     2 2S1 - 2S2
    211  C II    2509.9 0.004940 0.000e+00    5.380e+07    12     9 2P3 - 2S1
    214  C II    2512.5 0.004935 0.000e+00    1.060e+07    12    10 2P3 - 2S1
    215  C II    2512.8 0.004934 0.000e+00    6.430e+07    13    10 2P3 - 2S1
    309  C III    2729. 0.004543 0.000e+00    3.367e+01    10     9 2P2 - 2P2
    218  C II    2836.7 0.004371 0.000e+00    3.600e+07    18     8 2S2 - 2S1
    219  C II    2837.6 0.004369 0.000e+00    3.500e+07    17     8 2S2 - 2S1
    274  C III   2844.9 0.004358 0.000e+00    6.832e+02     8     5 2P2 - 2S1
    273  C III   2848.8 0.004352 0.000e+00    1.228e+01     7     5 2P2 - 2S1
    272  C III   2851.1 0.004349 0.000e+00    2.859e+02     6     5 2P2 - 2S1
    367  C V     3527.6 0.003515 0.000e+00    1.537e+07     7     3 1s2p~^1P_{1} - 1s2s~^1S_{0}
    323  C III   4648.7 0.002667 0.000e+00    7.893e+07    15    11 2S1 - 2S1
    322  C III   4651.5 0.002665 0.000e+00    7.867e+07    14    11 2S1 - 2S1
    321  C III   4652.8 0.002665 0.000e+00    7.873e+07    13    11 2S1 - 2S1
    324  C III   4826.7 0.002569 0.000e+00    1.050e+05    16    11 2S1 - 2S1
    343  C III   5697.4 0.002176 0.000e+00    3.872e+07    20    16 2S1 - 2S1
    330  C III   5960.4 0.002080 0.000e+00    1.867e-05    20    13 2S1 - 2S1
    334  C III   5962.4 0.002079 0.000e+00    5.005e+04    20    14 2S1 - 2S1
    338  C III   5967.1 0.002078 0.000e+00    6.186e-01    20    15 2S1 - 2S1
    220  C II    6578.0 0.001885 0.000e+00    3.600e+07    18    16 2S2 - 2S2
    221  C II    6582.9 0.001883 0.000e+00    3.600e+07    17    16 2S2 - 2S2
    326  C III   7965.5 0.001557 0.000e+00    1.328e-05    15    12 2S1 - 2S1
    325  C III   7973.8 0.001555 0.000e+00    1.760e+04    14    12 2S1 - 2S1
    413  C V     8462.0 0.001465 0.000e+00    6.908e+06    10     8 1s3p~^3P_{0} - 1s3s~^3S_{1}
    414  C V     8462.0 0.001465 0.000e+00    6.796e+06    11     8 1s3p~^3P_{1} - 1s3s~^3S_{1}
    415  C V     8462.0 0.001465 0.000e+00    6.767e+06    12     8 1s3p~^3P_{2} - 1s3s~^3S_{1}
    327  C III   8502.7 0.001458 0.000e+00    9.668e+06    16    12 2S1 - 2S1
    342  C III   9022.4 0.001374 0.000e+00    7.698e-06    19    16 2S1 - 2S1
    341  C III   9024.7 0.001374 0.000e+00    1.148e+04    18    16 2S1 - 2S1
    340  C III   9025.6 0.001374 0.000e+00    6.506e+03    17    16 2S1 - 2S1
    329  C III   9702.7 0.001278 0.000e+00    5.786e-06    18    13 2S1 - 2S1
    328  C III   9703.7 0.001278 0.000e+00    4.655e+06    17    13 2S1 - 2S1
    333  C III   9705.5 0.001277 0.000e+00    5.362e-06    19    14 2S1 - 2S1
    332  C III   9708.1 0.001277 0.000e+00    6.266e+06    18    14 2S1 - 2S1
    331  C III   9709.1 0.001277 0.000e+00    3.480e+06    17    14 2S1 - 2S1
    337  C III   9717.8 0.001276 0.000e+00    8.341e+06    19    15 2S1 - 2S1
    336  C III   9720.4 0.001276 0.000e+00    2.083e+06    18    15 2S1 - 2S1
    335  C III   9721.4 0.001275 0.000e+00    2.314e+05    17    15 2S1 - 2S1
    320  C III   11164. 0.001111 0.000e+00    2.882e-15    12    11 2S1 - 2S1
    287  C III   11834. 0.001048 0.000e+00    1.216e-09     9     6 2P2 - 2P2
    293  C III   11874. 0.001044 0.000e+00    9.356e-05     9     7 2P2 - 2P2
    301  C III   11942. 0.001038 0.000e+00    2.762e-04     9     8 2P2 - 2P2
    373  C V     12430. 0.000997 0.000e+00    2.290e+06    13     9 1s3p~^1P_{1} - 1s3s~^1S_{0}
    452  C V     17210. 0.000720 0.000e+00    3.647e+05    14    10 1s3d~^3D_{1} - 1s3p~^3P_{0}
    453  C V     17210. 0.000720 0.000e+00    2.704e+05    14    11 1s3d~^3D_{1} - 1s3p~^3P_{1}
    454  C V     17210. 0.000720 0.000e+00    1.828e+04    14    12 1s3d~^3D_{1} - 1s3p~^3P_{2}
    455  C V     17210. 0.000720 0.000e+00    4.899e+05    15    11 1s3d~^3D_{2} - 1s3p~^3P_{1}
    456  C V     17210. 0.000720 0.000e+00    1.622e+05    15    12 1s3d~^3D_{2} - 1s3p~^3P_{2}
    457  C V     17210. 0.000720 0.000e+00    6.516e+05    16    12 1s3d~^3D_{3} - 1s3p~^3P_{2}
    428  C V     20780. 0.000597 0.000e+00    1.577e+06    20    18 1s4p~^3P_{0} - 1s4s~^3S_{1}
    429  C V     20780. 0.000597 0.000e+00    1.552e+06    21    18 1s4p~^3P_{1} - 1s4s~^3S_{1}
    430  C V     20780. 0.000597 0.000e+00    1.545e+06    22    18 1s4p~^3P_{2} - 1s4s~^3S_{1}
    379  C V     29750. 0.000417 0.000e+00    5.567e+05    23    19 1s4p~^1P_{1} - 1s4s~^1S_{0}
    443  C V     41390. 0.000300 0.000e+00    5.024e+05    34    32 1s5p~^3P_{0} - 1s5s~^3S_{1}
    444  C V     41390. 0.000300 0.000e+00    4.942e+05    35    32 1s5p~^3P_{1} - 1s5s~^3S_{1}
    445  C V     41390. 0.000300 0.000e+00    4.921e+05    36    32 1s5p~^3P_{2} - 1s5s~^3S_{1}
    482  C V     41670. 0.000298 0.000e+00    1.095e+05    24    20 1s4d~^3D_{1} - 1s4p~^3P_{0}
    483  C V     41670. 0.000298 0.000e+00    8.115e+04    24    21 1s4d~^3D_{1} - 1s4p~^3P_{1}
    484  C V     41670. 0.000298 0.000e+00    5.487e+03    24    22 1s4d~^3D_{1} - 1s4p~^3P_{2}
    485  C V     41670. 0.000298 0.000e+00    1.470e+05    25    21 1s4d~^3D_{2} - 1s4p~^3P_{1}
    486  C V     41670. 0.000298 0.000e+00    4.869e+04    25    22 1s4d~^3D_{2} - 1s4p~^3P_{2}
    487  C V     41670. 0.000298 0.000e+00    1.956e+05    26    22 1s4d~^3D_{3} - 1s4p~^3P_{2}
    387  C V     51110. 0.000243 0.000e+00    4.067e+04    13    17 1s3p~^1P_{1} - 1s3d~^1D_{2}
    385  C V     58410. 0.000212 0.000e+00    1.830e+05    37    33 1s5p~^1P_{1} - 1s5s~^1S_{0}
    512  C V     82170. 0.000151 0.000e+00    3.879e+04    38    34 1s5d~^3D_{1} - 1s5p~^3P_{0}
    513  C V     82170. 0.000151 0.000e+00    2.876e+04    38    35 1s5d~^3D_{1} - 1s5p~^3P_{1}
    514  C V     82170. 0.000151 0.000e+00    1.944e+03    38    36 1s5d~^3D_{1} - 1s5p~^3P_{2}
    515  C V     82170. 0.000151 0.000e+00    5.211e+04    39    35 1s5d~^3D_{2} - 1s5p~^3P_{1}
    516  C V     82170. 0.000151 0.000e+00    1.726e+04    39    36 1s5d~^3D_{2} - 1s5p~^3P_{2}
    517  C V     82170. 0.000151 0.000e+00    6.931e+04    40    36 1s5d~^3D_{3} - 1s5p~^3P_{2}
    392  C V     1.2780e+05 0.000097 0.000e+00    1.113e+04    23    27 1s4p~^1P_{1} - 1s4d~^1D_{2}
    339  C III   1.2915e+05 0.000096 0.000e+00    3.743e-05    13    16 2S1 - 2S1
    397  C V     2.5580e+05 0.000048 0.000e+00    3.800e+03    37    41 1s5p~^1P_{1} - 1s5d~^1D_{2}
    233  C III   1.2483e+06 0.000010 0.000e+00    1.362e-13     4     2 2S1 - 2S1
    286  C III   1.3112e+06 0.000009 0.000e+00    1.018e-13     8     6 2P2 - 2P2
    179  C II    1.5625e+06 0.000008 0.000e+00    2.290e-06     2     1 2S2 - 2S2
    243  C III   1.7729e+06 0.000007 0.000e+00    2.420e-06     4     3 2S1 - 2S1
    292  C III   2.0997e+06 0.000006 0.000e+00    1.454e-06     8     7 2P2 - 2P2
    285  C III   3.4915e+06 0.000004 0.000e+00    4.251e-07     7     6 2P2 - 2P2
    232  C III   4.2194e+06 0.000003 0.000e+00    2.394e-07     3     2 2S1 - 2S1
